Test data performance
TPR = 0.7821000835577012
TNR = 0.7561155500921942
HSS = 0.4427534376376685
TSS = 0.5382156336498954
Validation data performance
TPR = 0.755343337880855
TNR = 0.7596595834099445
HSS = 0.4114662200841147
TSS = 0.5150029212907995
Training data performance
TPR = 0.7330099364149844
TNR = 0.7658316232535879
HSS = 0.3956860907682206
TSS = 0.49884155966857224